20.6146466667 -100.406046667
20.614645 -100.406056667
20.6146483333 -100.406068333
20.6146516667 -100.406076667
20.6146533333 -100.406091667
20.614655 -100.4061
20.6146566667 -100.406106667
20.61466 -100.406116667
20.6146616667 -100.406128333
20.614665 -100.406136667
20.6146666667 -100.406141667
20.6146683333 -100.40615
20.6146683333 -100.406155
20.6146666667 -100.406158333
20.614665 -100.406165
20.6146616667 -100.406171667
20.6146583333 -100.406178333
20.6146566667 -100.406185
20.614655 -100.406193333
20.6146533333 -100.406201667
20.6146516667 -100.406206667
20.61465 -100.406211667
20.6146483333 -100.406216667
20.6146466667 -100.406218333
20.614645 -100.40622
20.614645 -100.40622
20.6146466667 -100.406223333
20.6146483333 -100.406223333
20.61465 -100.406221667
20.61465 -100.406221667
20.6146516667 -100.406221667
20.6146516667 -100.406223333
20.6146516667 -100.406226667
20.6146516667 -100.406226667
20.6146516667 -100.406228333
20.6146533333 -100.406228333
20.6146533333 -100.406228333
20.6146533333 -100.406225
20.6146533333 -100.406223333
20.6146516667 -100.406225
20.6146516667 -100.406221667
20.6146533333 -100.40622
20.6146516667 -100.406218333
20.6146516667 -100.406218333
20.6146533333 -100.406218333
20.6146533333 -100.406218333
20.6146533333 -100.406218333
20.6146533333 -100.406216667
20.6146533333 -100.406215
20.6146516667 -100.406215
20.6146533333 -100.406213333
20.6146533333 -100.406211667
20.6146533333 -100.406211667
20.6146533333 -100.40621
20.614655 -100.40621
20.614655 -100.406211667
20.614655 -100.406211667
20.6146566667 -100.406205
20.61465 -100.406203333
20.614645 -100.406201667
20.6146466667 -100.406205
20.6146483333 -100.406205
20.6146533333 -100.406206667
20.614655 -100.406215
20.6146533333 -100.406218333
20.6146483333 -100.406221667
20.6146433333 -100.406225
20.6146383333 -100.406225
20.6146333333 -100.406228333
20.6146333333 -100.40623
20.6146333333 -100.406231667
20.6146333333 -100.406233333
20.6146283333 -100.406231667
20.6146233333 -100.406233333
20.6146216667 -100.406233333
20.6146166667 -100.406236667
20.6146083333 -100.406241667
20.6146016667 -100.406246667
20.6145966667 -100.406253333
20.61459 -100.406258333
20.6145816667 -100.40626
20.6145766667 -100.406263333
20.6145683333 -100.406266667
20.6145616667 -100.406266667
20.614555 -100.406266667
20.61455 -100.406263333
20.614545 -100.406256667
20.6145383333 -100.406255
20.6145333333 -100.406248333
20.6145316667 -100.406245
20.61453 -100.406238333
20.6145266667 -100.406233333
20.614525 -100.40623
20.6145216667 -100.40622
20.61452 -100.406211667
20.61452 -100.406206667
20.6145166667 -100.4062
20.6145166667 -100.406191667
20.6145183333 -100.406185
20.61452 -100.406178333
20.614525 -100.406171667
20.61453 -100.406165
20.6145366667 -100.406158333
20.6145416667 -100.406153333
20.6145483333 -100.406148333
20.6145516667 -100.406145
20.61456 -100.406145
20.6145666667 -100.406141667
20.6145716667 -100.406141667
20.6145783333 -100.40614
20.614585 -100.40614
20.61459 -100.406138333
20.6145966667 -100.406136667
20.614605 -100.40614
20.61461 -100.40614
20.6146166667 -100.406143333
20.6146233333 -100.406148333
20.61463 -100.406158333
20.614635 -100.406165
20.6146416667 -100.40617
20.6146433333 -100.406178333
20.614645 -100.406186667
20.6146466667 -100.406193333
20.6146483333 -100.406193333
20.61465 -100.406195
20.6146516667 -100.406195
20.61465 -100.406191667
20.61465 -100.40619
20.61465 -100.40619
20.61465 -100.40619
20.6146483333 -100.406188333
20.61465 -100.406188333
20.61465 -100.406188333
20.61465 -100.406188333
20.61465 -100.40619
20.6146483333 -100.406191667
20.6146483333 -100.406193333
20.6146516667 -100.406198333
20.614655 -100.406208333
20.6146566667 -100.406215
20.6146583333 -100.406223333
20.6146583333 -100.406233333
20.6146566667 -100.406241667
20.6146533333 -100.406251667
20.61465 -100.406261667
20.6146466667 -100.406271667
20.614645 -100.406281667
20.6146433333 -100.40629
20.6146433333 -100.406298333
20.6146483333 -100.406308333
20.6146516667 -100.406316667
20.6146516667 -100.40632
20.6146516667 -100.406321667
20.6146533333 -100.406325
20.6146533333 -100.406326667
20.6146516667 -100.406326667
20.6146516667 -100.406328333
20.6146516667 -100.406328333
20.61465 -100.406328333
20.6146516667 -100.40633
20.6146533333 -100.40633
20.6146533333 -100.40633
20.614655 -100.40633
20.6146533333 -100.40633
20.6146533333 -100.40633
20.6146583333 -100.406336667
20.6146616667 -100.406343333
20.6146666667 -100.406348333
20.6146683333 -100.406356667
20.6146716667 -100.406365
20.6146733333 -100.406373333
20.6146733333 -100.406383333
20.6146716667 -100.406391667
20.6146683333 -100.406401667
20.6146666667 -100.406408333
20.614665 -100.406415
20.6146633333 -100.406426667
20.614665 -100.406435
20.6146683333 -100.40645
20.6146716667 -100.406458333
20.6146733333 -100.406466667
20.614675 -100.406476667
20.614675 -100.406485
20.614675 -100.406493333
20.614675 -100.406505
20.6146766667 -100.406515
20.6146766667 -100.406523333
20.6146783333 -100.406531667
20.6146783333 -100.406538333
20.6146783333 -100.406543333
20.6146766667 -100.406551667
20.6146783333 -100.406558333
20.6146783333 -100.406563333
20.61468 -100.40657
20.61468 -100.406575
20.6146766667 -100.406585
20.6146766667 -100.40659
20.6146733333 -100.406595
20.6146733333 -100.406601667
20.61467 -100.406606667
20.6146683333 -100.406616667
20.6146683333 -100.406625
20.614665 -100.406628333
20.6146616667 -100.406638333
20.6146583333 -100.406646667
20.6146583333 -100.406658333
20.6146583333 -100.406666667
20.6146566667 -100.406673333
20.6146533333 -100.40668
20.61465 -100.406685
20.61465 -100.406691667
20.6146483333 -100.4067
20.61465 -100.406708333
20.61465 -100.406713333
20.6146533333 -100.406721667
20.6146533333 -100.406728333
20.6146533333 -100.406735
20.614655 -100.406743333
20.6146516667 -100.406753333
20.6146516667 -100.406761667
20.61465 -100.40677
20.6146466667 -100.40678
20.6146433333 -100.406788333
20.6146416667 -100.406795
20.6146383333 -100.406806667
20.614635 -100.406813333
20.6146283333 -100.406818333
20.6146216667 -100.406821667
20.614615 -100.406823333
20.61461 -100.406826667
20.6146033333 -100.40683
20.6145966667 -100.406836667
20.61459 -100.40684
20.6145833333 -100.406843333
20.614575 -100.406846667
20.6145666667 -100.406846667
20.61456 -100.406848333
20.6145533333 -100.40685
20.6145466667 -100.406848333
20.61454 -100.406851667
20.6145333333 -100.406851667
20.6145283333 -100.40685
20.6145216667 -100.406848333
20.6145166667 -100.406845
20.614515 -100.406845
20.6145083333 -100.406838333
20.614505 -100.406835
20.6145016667 -100.406831667
20.6145 -100.406825
20.614495 -100.40682
20.6144916667 -100.406816667
20.6144883333 -100.40681
20.614485 -100.406805
20.6144816667 -100.406798333
20.6144833333 -100.406796667
20.6144833333 -100.406791667
20.6144783333 -100.406788333
20.6144783333 -100.406781667
20.61448 -100.406775
20.6144816667 -100.406768333
20.6144833333 -100.406761667
20.6144833333 -100.406753333
20.6144833333 -100.406748333
20.614485 -100.406743333
20.6144866667 -100.406738333
20.6144883333 -100.40673
20.61449 -100.40672
20.6144916667 -100.406711667
20.6144933333 -100.406705
20.614495 -100.406698333
20.614495 -100.406688333
20.6144966667 -100.40668
20.6144966667 -100.406673333
20.6144983333 -100.40667
20.6144983333 -100.406666667
20.6145 -100.406658333
20.6145016667 -100.40665
20.6145033333 -100.406643333
20.6145066667 -100.406636667
20.6145066667 -100.406628333
20.6145133333 -100.406615
20.6145166667 -100.406615
20.6145183333 -100.4066
20.61452 -100.40659
20.6145233333 -100.406583333
20.6145266667 -100.406573333
20.61453 -100.406565
20.6145333333 -100.406558333
20.6145383333 -100.40655
20.6145416667 -100.406541667
20.614545 -100.406531667
20.6145483333 -100.406525
20.6145516667 -100.406518333
20.614555 -100.40651
20.6145583333 -100.4065
20.61456 -100.406493333
20.614565 -100.406485
20.6145683333 -100.406471667
20.6145766667 -100.406471667
20.6145816667 -100.40646
20.614585 -100.40645
20.61459 -100.406443333
20.614595 -100.406433333
20.6145966667 -100.406421667
20.6146016667 -100.406413333
20.6146033333 -100.406401667
20.6146066667 -100.406391667
20.6146116667 -100.406381667
20.6146166667 -100.406371667
20.61462 -100.406361667
20.6146233333 -100.406353333
20.6146266667 -100.406345
20.6146283333 -100.406333333
20.6146283333 -100.406323333
20.61463 -100.406315
20.614635 -100.406305
20.6146366667 -100.406296667
20.61464 -100.40629
20.6146416667 -100.406283333
20.6146466667 -100.406273333
20.61465 -100.406265
20.6146533333 -100.406258333
20.61466 -100.406251667
20.614665 -100.406245
20.6146666667 -100.406241667
20.61467 -100.406238333
20.6146733333 -100.406231667
20.6146783333 -100.406226667
20.6146833333 -100.40622
20.6146883333 -100.406213333
20.6146933333 -100.40621
20.6146983333 -100.406208333
20.6147033333 -100.406205
20.61471 -100.406196667
20.614715 -100.406191667
20.6147183333 -100.406185
20.6147233333 -100.406181667
20.6147266667 -100.406176667
20.6147316667 -100.40617
20.6147366667 -100.406165
20.6147433333 -100.406166667
20.61475 -100.406158333
20.614755 -100.406156667
20.6147616667 -100.406156667
20.6147683333 -100.406158333
20.614775 -100.406156667
20.6147816667 -100.406155
20.6147883333 -100.406155
20.6147933333 -100.406156667
20.6148 -100.406158333
20.6148033333 -100.40616
20.6148066667 -100.406163333
20.61481 -100.406165
20.6148116667 -100.406168333
20.614815 -100.40617
20.6148183333 -100.406175
20.61482 -100.406178333
20.6148233333 -100.406188333
20.614825 -100.406193333
20.6148266667 -100.406198333
20.6148266667 -100.406203333
20.6148316667 -100.406215
20.6148316667 -100.406226667
20.6148316667 -100.406233333
20.6148333333 -100.406243333
20.6148333333 -100.406253333
20.6148316667 -100.40626
20.6148283333 -100.406265
20.614825 -100.406273333
20.6148216667 -100.406278333
20.6148183333 -100.406286667
20.614815 -100.406293333
20.6148116667 -100.406296667
20.6148066667 -100.406301667
20.6148016667 -100.406306667
20.6147966667 -100.40631
20.61479 -100.406313333
20.614785 -100.406318333
20.6147783333 -100.406318333
20.6147716667 -100.40632
20.614765 -100.406321667
20.6147566667 -100.406323333
20.61475 -100.406321667
20.61474 -100.406326667
20.6147316667 -100.406328333
20.614725 -100.40633
20.6147166667 -100.406325
20.61471 -100.406323333
20.6146983333 -100.40632
20.61469 -100.406316667
20.614685 -100.406311667
20.6146783333 -100.406308333
20.6146766667 -100.4063
20.6146733333 -100.406293333
20.6146683333 -100.406288333
20.614665 -100.40628
20.6146616667 -100.406273333
20.61466 -100.406271667
20.6146583333 -100.406263333
20.6146583333 -100.406255
20.6146583333 -100.406248333
20.6146633333 -100.406241667
20.6146633333 -100.406231667
20.614665 -100.406225
20.6146683333 -100.406216667
20.6146716667 -100.406211667
20.614675 -100.406206667
20.61468 -100.406201667
20.6146816667 -100.406196667
20.6146833333 -100.406191667
20.6146866667 -100.406181667
20.61469 -100.406173333
20.61469 -100.406163333
20.6146883333 -100.406158333
20.61469 -100.406153333
20.6146916667 -100.406146667
20.6146916667 -100.40614
20.6146916667 -100.406131667
20.6146933333 -100.406121667
20.614695 -100.40611
20.6146966667 -100.406098333
20.6146966667 -100.406088333
20.614695 -100.406078333
20.6146933333 -100.406068333
20.6146933333 -100.406058333
20.6146933333 -100.406048333
20.614695 -100.40604
20.614695 -100.406031667
20.614695 -100.406021667
20.6146933333 -100.406015
20.6146883333 -100.406005
20.614685 -100.405996667
20.6146816667 -100.405986667
20.6146783333 -100.405976667
20.6146766667 -100.405966667
20.6146766667 -100.40596
20.6146716667 -100.405953333
20.61467 -100.405945
20.614665 -100.405938333
20.6146616667 -100.405931667
20.6146583333 -100.405925
20.614655 -100.405916667
20.6146483333 -100.405908333
20.6146433333 -100.405898333
20.61464 -100.405886667
20.614635 -100.405878333
20.61463 -100.405871667
20.614625 -100.405861667
20.61462 -100.405853333
20.6146166667 -100.405848333
20.6146116667 -100.405843333
20.6146083333 -100.405836667
20.6146083333 -100.405831667
20.6146033333 -100.405826667
20.6145983333 -100.405818333
20.6145933333 -100.405808333
20.61459 -100.405801667
20.6145866667 -100.405791667
20.6145833333 -100.405781667
20.6145816667 -100.405771667
20.6145783333 -100.405761667
20.614575 -100.405753333
20.61457 -100.405743333
20.6145666667 -100.40573
20.6145616667 -100.405718333
20.6145583333 -100.405708333
20.6145533333 -100.4057
20.6145516667 -100.405691667
20.6145483333 -100.40568
20.6145433333 -100.405666667
20.6145383333 -100.405658333
20.614535 -100.405646667
20.6145316667 -100.405636667
20.61453 -100.40563
20.614525 -100.40562
20.6145216667 -100.405611667
20.6145166667 -100.405608333
20.61451 -100.4056
20.6145066667 -100.405593333
20.6145016667 -100.405581667
20.6144966667 -100.40557
20.6144933333 -100.405561667
20.6144883333 -100.40555
20.6144833333 -100.405538333
20.61448 -100.40553
20.6144733333 -100.405513333
20.61447 -100.405503333
20.614465 -100.405493333
20.61446 -100.405483333
20.614455 -100.405473333
20.6144516667 -100.405463333
20.6144466667 -100.405456667
20.614445 -100.405451667
20.6144416667 -100.405443333
20.614435 -100.405436667
20.6144316667 -100.405428333
20.61443 -100.40542
20.6144266667 -100.405416667
20.614425 -100.405406667
20.6144233333 -100.405398333
20.6144166667 -100.405388333
20.6144116667 -100.40538
20.61441 -100.405368333
20.61441 -100.405363333
20.6144066667 -100.405356667
20.6144 -100.405348333
20.6143933333 -100.405336667
20.6143883333 -100.405326667
20.6143833333 -100.405318333
20.61438 -100.405311667
20.6143766667 -100.405301667
20.6143716667 -100.405293333
20.6143683333 -100.405283333
20.6143666667 -100.405276667
20.614365 -100.405271667
20.6143616667 -100.40526
20.6143583333 -100.405251667
20.614355 -100.405241667
20.6143516667 -100.405231667
20.6143483333 -100.405223333
20.6143433333 -100.405216667
20.6143383333 -100.405203333
20.6143333333 -100.405195
20.6143316667 -100.405185
20.614325 -100.405175
20.61432 -100.405168333
20.6143133333 -100.405158333
20.6143033333 -100.405145
20.6142966667 -100.405136667
20.61429 -100.405128333
20.6142833333 -100.405121667
20.6142766667 -100.405116667
20.6142716667 -100.40511
20.6142683333 -100.405105
20.61426 -100.405098333
20.6142566667 -100.405096667
20.61425 -100.40509
20.6142433333 -100.405085
20.614235 -100.40508
20.6142266667 -100.405075
20.61422 -100.405068333
20.6142133333 -100.405055
20.6142066667 -100.405043333
20.6142 -100.405036667
20.614195 -100.405028333
20.61419 -100.405018333
20.6141866667 -100.405008333
20.6141833333 -100.404998333
20.61418 -100.404988333
20.6141766667 -100.404978333
20.614175 -100.40497
20.6141733333 -100.40496
20.614175 -100.404953333
20.6141733333 -100.404945
20.6141716667 -100.404938333
20.61417 -100.404933333
20.6141683333 -100.404926667
20.6141683333 -100.404918333
20.61417 -100.404908333
20.6141683333 -100.4049
20.6141683333 -100.404891667
20.6141683333 -100.404881667
20.6141683333 -100.404875
20.6141683333 -100.40487
20.61417 -100.40486
20.6141733333 -100.404853333
20.6141716667 -100.40484
20.614175 -100.404835
20.6141766667 -100.404831667
20.61418 -100.404826667
20.6141816667 -100.404821667
20.6141833333 -100.404806667
20.614185 -100.404801667
20.6141866667 -100.404791667
20.6141866667 -100.404783333
20.6141866667 -100.404776667
20.6141933333 -100.404765
20.6141983333 -100.404755
20.6142016667 -100.404745
20.6142033333 -100.404738333
20.6142066667 -100.404733333
20.6142083333 -100.40473
20.61421 -100.404721667
20.6142116667 -100.404713333
20.6142133333 -100.404705
20.6142166667 -100.404696667
20.6142183333 -100.404688333
