20.6120066667 -100.406738333
20.6120066667 -100.40674
20.612005 -100.406741667
20.612005 -100.406743333
20.6120033333 -100.406745
20.6120016667 -100.406746667
20.6120016667 -100.406748333
20.612 -100.40675
20.6119983333 -100.406751667
20.6119966667 -100.406751667
20.611995 -100.406753333
20.6119933333 -100.406755
20.6119916667 -100.406755
20.61199 -100.406756667
20.6119883333 -100.406758333
20.6119866667 -100.406758333
20.6119833333 -100.40676
20.6119816667 -100.40676
20.61198 -100.406761667
20.6119783333 -100.406761667
20.6119766667 -100.406763333
20.6119733333 -100.406765
20.611965 -100.406765
20.6119566667 -100.406763333
20.6119533333 -100.406768333
20.6119466667 -100.406766667
20.6119416667 -100.406763333
20.6119416667 -100.406765
20.6119433333 -100.406765
20.611945 -100.406763333
20.6119383333 -100.406758333
20.611935 -100.406758333
20.6119333333 -100.406758333
20.6119316667 -100.406758333
20.61193 -100.406756667
20.6119283333 -100.406756667
20.6119266667 -100.406755
20.611925 -100.406755
20.6119233333 -100.406753333
20.6119233333 -100.406751667
20.6119216667 -100.40675
20.61192 -100.40675
20.6119183333 -100.406746667
20.6119183333 -100.406745
20.6119166667 -100.406741667
20.6119233333 -100.406741667
20.6119266667 -100.40674
20.6119266667 -100.40673
20.6119316667 -100.40672
20.6119366667 -100.406715
20.6119366667 -100.406716667
20.61194 -100.40672
20.611945 -100.406718333
20.6119483333 -100.406716667
20.6119483333 -100.406715
20.6119483333 -100.406713333
20.61195 -100.406711667
20.61195 -100.40671
20.61195 -100.406708333
20.61195 -100.406706667
20.61195 -100.406706667
20.61195 -100.406705
20.61195 -100.406703333
20.6119483333 -100.406701667
20.6119483333 -100.4067
20.6119466667 -100.406698333
20.6119466667 -100.406696667
20.611945 -100.406695
20.611945 -100.406693333
20.6119433333 -100.406691667
20.6119416667 -100.406691667
20.61194 -100.406691667
20.6119366667 -100.406691667
20.611935 -100.406691667
20.61192 -100.406681667
20.6119066667 -100.40667
20.6119016667 -100.406666667
20.611895 -100.40666
20.6118883333 -100.406655
20.61189 -100.406656667
20.6118933333 -100.406656667
20.6118933333 -100.40665
20.6119016667 -100.40665
20.6118983333 -100.406643333
20.6119016667 -100.406643333
20.6119016667 -100.406641667
20.6119016667 -100.40664
20.6119016667 -100.40664
20.6119016667 -100.406638333
20.6119016667 -100.406636667
20.6119033333 -100.406636667
20.611905 -100.406635
20.611905 -100.406635
20.6119066667 -100.406635
20.6119083333 -100.406633333
20.6119083333 -100.406633333
20.61191 -100.406633333
20.61191 -100.406635
20.61191 -100.406635
20.6119116667 -100.406635
20.6119116667 -100.406635
20.6119116667 -100.406636667
20.6119116667 -100.406636667
20.61191 -100.406636667
20.61191 -100.406638333
20.6119083333 -100.406636667
20.6119066667 -100.406636667
20.611905 -100.406636667
20.6119033333 -100.406636667
20.6119016667 -100.406636667
20.6119 -100.406636667
20.6118983333 -100.406636667
20.6118983333 -100.406635
20.6118966667 -100.406635
20.6118966667 -100.406633333
20.611895 -100.406633333
20.611895 -100.406633333
20.6118933333 -100.406633333
20.6118916667 -100.406631667
20.6118916667 -100.406631667
20.61189 -100.406631667
20.6118883333 -100.406631667
20.6118866667 -100.406631667
20.6118866667 -100.406631667
20.611885 -100.406631667
20.611885 -100.406631667
20.6118833333 -100.406631667
20.6118833333 -100.406631667
20.6118833333 -100.406631667
20.6118816667 -100.406633333
20.6118816667 -100.406633333
20.6118816667 -100.406635
20.61188 -100.406636667
20.61188 -100.406636667
20.61188 -100.406638333
20.6118783333 -100.406641667
20.6118783333 -100.406643333
20.6118733333 -100.406646667
20.6118716667 -100.406651667
20.6118716667 -100.406665
20.6118733333 -100.406676667
20.6118716667 -100.406693333
20.61187 -100.40671
20.6118683333 -100.406726667
20.6118666667 -100.40673
20.6118666667 -100.406733333
20.611865 -100.406738333
20.6118666667 -100.406743333
20.61187 -100.406746667
20.6118733333 -100.406748333
20.611875 -100.406748333
20.6118783333 -100.40675
20.6118766667 -100.406741667
20.6118716667 -100.40673
20.6118616667 -100.406721667
20.6118533333 -100.406711667
20.611855 -100.406706667
20.611855 -100.406708333
20.611855 -100.406708333
20.611855 -100.406708333
20.611855 -100.40671
20.611855 -100.40671
20.6118583333 -100.40671
20.61186 -100.40671
20.6118916667 -100.406708333
20.6119083333 -100.40671
20.6119233333 -100.40671
20.6119366667 -100.40671
20.61195 -100.406708333
20.6119633333 -100.40671
20.6119733333 -100.406706667
20.61198 -100.406703333
20.61199 -100.4067
20.611995 -100.406696667
20.612005 -100.4067
20.6120116667 -100.406698333
20.612015 -100.40669
20.61202 -100.406676667
20.6120233333 -100.40667
20.6120283333 -100.406666667
20.612035 -100.406655
20.61204 -100.406648333
20.6120466667 -100.406645
20.6120516667 -100.406641667
20.6120583333 -100.406633333
20.6120633333 -100.406626667
20.6120683333 -100.40662
20.6120733333 -100.406613333
20.61208 -100.406605
20.612085 -100.406601667
20.61209 -100.406596667
20.6120933333 -100.40659
20.612095 -100.406585
20.61209 -100.406571667
20.6120883333 -100.406561667
20.6120933333 -100.406553333
20.6121133333 -100.406545
20.612125 -100.406535
20.61214 -100.406543333
20.61215 -100.406548333
20.61216 -100.406548333
20.6121566667 -100.406545
20.6121533333 -100.40654
20.6121516667 -100.406536667
20.6121516667 -100.406535
20.6121483333 -100.406531667
20.6121466667 -100.406531667
20.6121483333 -100.406536667
20.6121516667 -100.406545
20.6121516667 -100.406553333
20.6121516667 -100.406551667
20.6121533333 -100.406553333
20.6121533333 -100.406553333
20.6121533333 -100.406553333
20.6121533333 -100.406555
20.6121533333 -100.406556667
20.6121516667 -100.40656
20.612155 -100.406573333
20.6121533333 -100.406588333
20.61215 -100.406605
20.6121466667 -100.40662
20.6121433333 -100.406633333
20.6121416667 -100.406641667
20.6121416667 -100.406646667
20.61214 -100.406655
20.6121333333 -100.406671667
20.6121333333 -100.40668
20.61213 -100.406688333
20.6121283333 -100.4067
20.6121266667 -100.40671
20.61212 -100.406728333
20.61212 -100.40674
20.6121166667 -100.406755
20.6121083333 -100.406773333
20.6121 -100.406793333
20.612095 -100.40681
20.61209 -100.40682
20.6120816667 -100.406836667
20.6120733333 -100.406853333
20.6120633333 -100.406871667
20.6120533333 -100.406888333
20.6120483333 -100.406903333
20.612045 -100.406913333
20.61204 -100.40693
20.6120366667 -100.406941667
20.6120333333 -100.406958333
20.61203 -100.406971667
20.61203 -100.40698
20.6120266667 -100.40699
20.61202 -100.407006667
20.6120133333 -100.407023333
20.61201 -100.407038333
20.6120083333 -100.407051667
20.612005 -100.407065
20.6120016667 -100.407083333
20.612 -100.407096667
20.6119983333 -100.407111667
20.6119966667 -100.407128333
20.612 -100.407141667
20.6120033333 -100.407151667
20.6120066667 -100.407156667
20.61201 -100.407163333
20.6120133333 -100.407166667
20.6120166667 -100.407171667
20.6120216667 -100.407176667
20.612025 -100.40718
20.6120283333 -100.407183333
20.61203 -100.407181667
20.6120333333 -100.40718
20.6120383333 -100.407171667
20.612045 -100.407173333
20.6120516667 -100.407175
20.6120633333 -100.407165
20.6120733333 -100.40715
20.6120816667 -100.40714
20.61209 -100.40713
20.612095 -100.40713
20.6121 -100.40713
20.612105 -100.407125
20.61211 -100.407116667
20.6121183333 -100.407103333
20.6121366667 -100.407085
